0 0.3702830188679246 0.49174528301886794 0.09139150943396221 0.09040880503144659
0 0.6901533018867925 0.4308176100628931 0.05896226415094343 0.11006289308176101
0 0.7859669811320755 0.39937106918239 0.008844339622641506 0.015723270440251607
0 0.6503537735849056 0.6136006289308177 0.014740566037735815 0.011792452830188675
0 0.777122641509434 0.6922169811320754 0.03832547169811322 0.05110062893081763
0 0.769752358490566 0.9339622641509434 0.041273584905660424 0.07075471698113205
0 0.7579599056603774 1.1462264150943398 0.04716981132075473 0.06289308176100619
0 0.4852594339622641 1.077437106918239 0.056014150943396235 0.1218553459119498
0 0.3953419811320755 1.0204402515723272 0.02358490566037732 0.0
0 0.5884433962264151 0.9968553459119497 0.05011792452830184 0.05503144654088056
0 0.6238207547169811 0.9221698113207548 0.05011792452830184 0.05503144654088056
0 0.5663325471698114 0.8022798742138365 0.04716981132075473 0.058962264150943376
0 0.3010023584905661 0.8415880503144654 0.03537735849056602 0.043238993710691766
